26,38 69,25 73,55
88,63 51,36 89,23
41,13 66,05 9,56
90,76 71,93 0,45
7,98 11,45 85,97
7,77 2,07 67,62
51,18 50,33 88,68
87,86 92,26 56,78
27,18 83,29 34,45
32,62 27,23 19,0
81,78 99,1 84,48
39,98 90,67 76,39
66,18 29,2 32,05
14,77 40,08 34,06
49,94 9,28 1,04
47,3 80,81 49,54
72,0 55,03 52,44
0,32 31,95 84,62
89,59 70,8 53,79
53,82 88,34 5,22
80,44 91,66 64,98
98,55 7,07 51,33
35,33 7,05 10,42
76,69 9,98 53,07
20,85 70,57 43,63
54,26 85,24 89,1
38,77 64,22 47,99
97,07 98,57 35,09
41,46 59,04 56,35
57,63 23,15 62,86
48,41 36,17 55,9
48,77 91,29 58,55
34,13 45,6 94,46
14,71 59,05 34,09
11,04 54,54 48,03
5,14 79,0 98,57
39,7 20,47 20,96
74,2 96,32 67,2
57,3 79,98 12,73
32,59 4,87 17,13
63,95 92,8 77,87
35,17 5,65 48,55
81,09 15,31 15,28
28,6 78,79 21,65
29,92 54,86 17,78
86,8 93,07 3,22
78,86 71,8 73,93
29,62 83,26 9,11
3,35 52,56 75,67
57,36 71,62 82,01
70,82 78,63 59,2
84,08 26,97 8,19
80,47 75,19 78,26
92,93 57,65 90,32
24,66 68,21 72,14
67,63 38,27 81,87
84,91 74,12 94,47
68,38 61,82 97,92
36,94 23,57 43,16
26,66 97,5 58,09
46,84 31,15 6,37
66,42 49,35 87,04
49,7 93,39 94,88
14,18 0,09 3,38
52,21 32,28 55,2
65,2 91,01 95,73
38,35 11,16 54,01
35,16 89,18 31,85
76,89 43,93 68,19
71,11 13,23 94,5
82,13 90,74 19,62
64,41 22,55 10,29
66,85 55,97 32,86
72,17 62,65 52,86
7,97 53,02 97,06
77,14 47,83 30,27
86,85 39,56 92,03
54,46 84,77 34,67
52,61 75,86 89,8
35,28 24,72 48,36
20,7 32,56 92,28
31,44 73,94 2,62
2,62 18,46 1,33
1,01 20,39 29,37
18,56 91,85 15,96
64,95 71,14 85,96
36,74 74,74 39,3
98,52 22,12 48,78
5,36 74,16 96,85
26,4 95,01 44,11
29,59 51,96 89,88
23,61 36,68 85,94
55,5 32,99 32,16
27,51 70,04 71,06
98,72 94,75 69,7
11,65 23,51 6,21
91,46 43,87 52,46
52,71 44,33 22,0
76,64 65,44 29,76
4,0 53,65 9,13
73,56 52,04 87,88
46,37 15,31 57,08
55,97 24,63 13,74
35,69 35,72 66,1
10,61 92,61 38,45
21,33 56,52 78,6
45,14 16,55 46,49
91,82 21,3 14,51
62,36 61,27 8,22
58,27 69,72 60,35
8,94 85,73 92,3
47,04 84,48 53,67
38,34 81,1 13,74
5,08 52,38 95,52
35,62 77,83 52,6
20,95 72,28 66,6
29,48 35,3 1,65
12,6 24,1 25,36
79,45 74,02 99,33
73,12 51,03 61,04
41,12 44,78 21,82
71,36 54,54 41,19
57,82 31,07 58,98
67,68 37,32 52,92
17,87 87,35 91,86
2,5 76,46 22,59
49,6 15,57 24,29
11,73 60,64 20,67
32,45 11,83 50,45
16,42 21,44 84,9
35,0 89,52 96,04
33,88 52,78 24,3
68,93 68,56 34,64
16,05 29,5 17,56
63,95 59,77 76,74
27,63 56,52 75,73
13,07 44,43 73,99
11,37 12,65 92,01
11,63 86,77 78,68
34,21 42,6 81,78
29,63 56,06 2,04
88,51 21,18 51,51
97,25 69,38 55,75
24,35 39,43 94,61
16,84 40,92 74,72
66,26 80,2 89,36
15,64 62,49 61,2
61,26 57,28 99,05
79,16 93,67 87,15
50,8 44,34 29,5
32,11 69,01 76,37
82,54 86,54 76,25
52,32 31,99 20,11
64,54 49,68 82,87
79,12 35,45 31,28
91,7 91,09 99,06
99,73 44,7 76,14
93,26 82,43 25,82
77,6 71,13 17,34
72,99 83,45 6,73
87,65 92,36 5,91
2,33 93,27 39,77
72,89 84,96 72,27
21,46 61,39 68,58
43,79 10,12 14,0
43,33 31,73 22,94
36,16 47,2 12,58
27,13 91,9 7,31
37,21 53,64 73,54
3,63 54,06 33,36
32,22 69,34 98,33
86,34 39,01 32,86
51,38 20,07 39,42
8,18 40,36 47,43
42,99 40,75 79,58
49,49 39,04 15,45
18,9 79,36 65,06
8,6 99,83 63,55
35,31 73,94 14,61
85,25 27,22 91,47
91,13 88,52 36,67
61,3 1,04 0,42
53,8 40,11 57,61
85,94 20,31 46,84
79,32 66,84 61,93
55,55 89,54 76,67
8,41 97,16 47,85
53,69 33,31 5,62
93,01 81,37 48,97
3,56 17,4 67,82
14,78 76,49 56,39
25,68 20,9 85,32
43,3 98,23 41,14
56,86 97,38 4,23
74,46 48,49 68,68
95,66 15,06 3,62
77,94 94,06 20,69
53,92 11,59 77,88
11,91 63,4 0,06
77,88 93,26 89,18
73,95 35,59 30,22
85,25 89,97 72,1
59,11 36,65 6,43
83,11 2,42 77,63
48,06 36,2 54,32
13,33 33,35 45,16
36,15 14,01 78,37
36,54 2,37 80,18
53,51 17,19 51,4
73,1 28,15 93,86
16,25 91,33 54,78
47,24 94,9 54,61
35,01 10,61 82,82
71,91 10,59 76,98
61,4 90,01 62,0
9,25 24,81 12,28
12,58 59,87 55,0
94,58 96,0 57,87
4,17 50,21 96,57
37,41 9,18 60,72
83,35 26,17 52,61
71,2 90,39 97,73
55,61 21,58 68,42
26,08 97,47 16,05
45,69 71,11 86,08
43,31 48,3 72,3
10,7 3,16 74,31
1,17 20,6 21,21
96,48 12,95 80,03
62,49 75,8 7,31
15,6 38,32 14,89
11,26 30,81 13,97
60,32 65,28 70,69
71,29 36,89 52,67
81,99 39,23 13,85
6,09 66,08 0,73
24,05 72,65 88,57
33,66 93,85 62,27
44,71 19,67 40,68
54,05 91,97 51,49
28,84 43,15 47,56
37,64 33,86 93,16
63,04 98,46 57,45
61,87 57,58 33,02
95,75 68,86 34,61
81,26 44,72 84,11
51,04 48,85 26,02
49,52 25,17 51,55
77,28 65,1 35,46
16,47 36,26 9,22
5,83 81,83 68,99
60,04 98,16 42,53
69,87 54,81 0,11
62,86 74,2 42,2
5,8 54,25 62,74
57,19 2,29 86,38
41,03 99,38 56,68
88,42 11,24 13,85
24,49 43,85 50,73
19,9 56,84 21,79
40,54 43,92 34,12
81,53 61,97 28,01
77,09 43,66 25,48
30,39 45,31 60,67
64,5 13,86 32,6
84,45 26,55 51,46
55,55 33,26 57,41
72,97 1,98 97,33
4,42 21,82 50,16
40,96 94,49 21,52
52,11 40,36 37,63
6,49 26,26 92,62
99,06 36,33 40,11
50,94 62,29 34,17
54,05 87,1 59,61
74,2 91,98 76,72
61,77 95,24 31,45
29,91 70,65 84,84
90,36 62,11 88,52
50,15 27,1 97,46
64,09 48,06 93,52
76,89 1,3 51,8
89,19 61,2 38,71
51,65 29,1 51,82
52,63 50,93 60,65
67,4 38,3 24,05
34,78 48,83 68,0
27,11 72,59 71,84
78,67 56,53 5,47
38,43 41,95 49,57
59,28 94,74 33,41
30,41 80,75 63,74
27,17 70,57 95,36
72,14 6,31 41,62
93,63 9,33 28,05
83,66 69,64 35,26
3,17 53,5 15,25
13,96 30,77 39,57
51,39 24,55 10,42
54,21 96,65 7,74
54,67 62,2 12,71
97,26 40,04 3,84
34,39 90,93 74,6
14,17 36,91 25,15
66,61 54,57 83,94
96,62 88,43 34,6
55,76 10,41 97,88
58,47 75,61 60,59
17,26 41,54 37,53
38,42 11,63 23,86
59,23 58,57 79,0
40,47 59,29 17,62
31,87 25,01 29,79
60,65 26,44 0,2
51,83 37,8 89,34
8,74 96,4 30,64
88,78 7,67 74,34
89,4 30,07 18,76
17,51 74,05 21,2
65,11 57,0 91,36
84,94 61,98 80,94
81,91 81,04 54,76
45,39 82,17 42,03
26,91 59,23 26,44
74,75 3,53 72,84
56,83 66,8 59,62
59,34 1,93 38,27
13,21 82,74 32,77
72,2 62,53 97,71
46,4 50,64 32,77
28,91 2,95 42,11
24,9 31,17 75,7
68,27 4,54 39,54
79,75 34,28 73,88
7,1 17,72 68,28
35,05 81,76 88,69
97,92 64,0 83,75
12,39 55,86 74,09
52,4 25,26 46,61
36,59 13,81 66,43
71,05 44,65 3,8
1,85 51,87 53,71
66,14 9,58 75,58
61,69 38,9 56,77
62,35 53,1 16,28
87,33 55,6 41,83
48,99 1,99 8,48
7,15 39,9 86,07
74,53 15,76 2,96
45,06 63,08 4,2
71,27 50,49 93,27
91,87 80,67 19,3
59,19 3,27 41,99
11,45 73,34 35,98
83,46 84,93 11,06
21,42 79,98 37,68
26,68 90,74 66,03
46,01 89,83 23,35
93,69 10,89 62,18
97,14 41,89 66,9
35,89 9,85 77,05
75,57 32,53 77,42
14,53 5,79 27,32
3,59 31,97 95,28
41,74 7,15 78,55
57,54 78,91 50,48
23,31 29,6 63,13
54,18 43,59 17,11
15,89 52,31 91,31
0,53 44,9 92,22
19,64 27,72 30,14
94,4 22,2 23,49
37,57 64,93 4,77
61,69 45,59 22,09
73,1 69,11 12,27
29,46 13,85 81,13
16,59 33,93 33,13
93,52 22,88 4,51
29,97 11,64 72,99
5,68 82,04 0,18
15,93 47,53 37,22
40,41 70,01 94,22
67,76 67,47 16,28
23,64 61,15 53,08
100,0 51,14 48,36
96,36 70,84 6,07
33,93 68,92 55,44
5,98 35,31 27,12
55,83 96,86 1,21
67,15 2,36 54,53
89,74 94,38 56,32
80,68 43,18 64,43
68,58 19,53 44,8
9,58 79,57 65,71
23,02 6,81 35,98
17,62 83,61 96,28
49,28 82,51 11,14
25,44 48,11 95,27
14,29 77,71 66,68
65,36 84,26 72,53
75,9 89,87 31,81
68,54 47,28 82,85
9,39 31,25 30,01
6,03 12,1 48,95
0,2 81,9 74,07
93,59 30,35 98,88
31,54 31,02 47,72
93,91 66,03 76,44
46,2 94,47 9,83
2,72 89,29 13,3
36,52 61,92 78,37
49,34 72,51 34,75
89,62 46,35 53,47
30,05 52,7 12,04
27,73 45,54 41,8
48,88 34,72 86,94
83,85 58,36 77,51
64,23 54,28 98,98
23,52 57,32 17,51
99,75 44,85 84,19
2,81 49,49 98,33
78,51 68,68 74,62
67,46 76,01 23,92
93,13 78,46 65,28
56,8 10,76 17,76
71,84 64,74 82,99
37,04 6,14 76,22
99,63 3,37 0,59
2,57 56,91 10,39
36,15 97,19 20,76
59,13 94,52 38,22
92,07 94,34 2,62
37,75 3,82 36,73
78,21 97,02 36,82
7,85 57,91 13,31
32,96 91,19 57,12
64,44 50,06 16,47
39,82 89,63 71,55
26,41 4,18 79,85
99,09 60,03 97,4
50,63 21,43 12,94
8,62 48,25 20,02
92,67 58,12 47,88
29,49 77,34 65,45
89,87 73,52 1,01
98,65 28,22 30,83
90,7 36,86 58,02
12,13 42,68 9,42
36,36 81,88 83,86
91,86 9,65 93,4
96,23 83,96 39,58
58,04 97,17 53,19
64,31 64,67 48,7
54,65 44,26 42,08
11,85 69,55 49,79
28,85 90,63 96,08
55,5 83,15 1,97
54,0 39,68 42,32
49,06 38,88 14,73
98,71 29,84 92,06
28,09 95,44 77,43
8,55 9,81 47,78
74,28 5,85 76,19
73,51 19,0 71,65
93,45 87,78 27,17
73,88 54,69 3,99
23,78 43,26 53,8
74,57 88,03 92,71
73,58 92,0 34,06
49,41 71,73 6,02
63,48 77,07 33,21
72,77 77,67 54,42
3,9 53,53 67,24
61,19 27,59 35,23
64,42 84,65 57,04
9,93 61,6 41,2
85,34 9,83 68,02
65,26 92,08 7,13
75,63 25,48 0,67
15,44 62,78 36,1
28,37 82,81 38,19
44,79 12,4 41,52
8,58 13,57 7,06
59,5 41,05 53,21
73,86 78,06 83,1
41,39 47,21 3,54
62,37 13,17 80,68
21,6 5,23 53,84
21,63 15,25 11,94
89,71 65,04 91,84
54,16 86,79 51,06
76,49 36,55 60,82
95,38 87,71 4,95
54,45 69,53 7,58
74,46 55,19 55,02
21,59 80,96 52,63
51,05 41,59 36,92
50,38 51,82 44,45
94,24 2,32 99,72
60,87 17,26 28,46
